time,x,y,z,phi,theta,psi,x_velocity,y_velocity,z_velocity,phi_velocity,theta_velocity,psi_velocity,rotor_speed1,rotor_speed2,rotor_speed3,rotor_speed4
0.06,-2.21020862988e-07,-3.99361735607e-08,10.0043486521,6.28313119186,0.000208897749728,0.0,-1.95637160849e-05,-4.20202158175e-06,0.144946946223,-0.00276985678138,0.00966660861848,0.0,450.6389044150385,451.4194142385327,450.95382381224056,450.7300885449547
0.12000000000000001,-8.07376187707e-06,-1.2918613071e-06,10.0167584425,0.000387603871813,0.000502069646311,0.0,-0.000290698829956,-1.7436544663e-05,0.268690979637,0.0223626291052,-0.00698618294266,0.0,445.2535469440169,443.88925363093887,443.2049219241837,445.26534358926637
0.18,-3.36786725296e-05,8.95254560417e-06,10.033089609,0.00146765176912,0.000618824519846,0.0,-0.000553196048627,0.00046740222476,0.275679418421,0.00741618180122,0.0155707711269,0.0,405.4207683906821,407.44210794648245,407.04101149759936,405.701427015681
0.23999999999999996,-8.44161179655e-05,7.23187897119e-05,10.0536839688,0.00295663260406,0.00186404653446,0.0,-0.00125657988846,0.00176221816859,0.410759370736,0.0467327256262,0.0295015290805,0.0,447.29073234736575,448.4235988492565,446.526074669012,449.7215784843937
0.3,-0.000209415024263,0.000256572913716,10.0831093756,0.00617945949096,0.00398470383262,0.0,-0.00312764552323,0.00471624204302,0.570019148681,0.0649160475049,0.0450205736862,0.0,455.0222018717616,456.2631844996028,454.6654102505615,456.1214330023864
0.36000000000000004,-0.000494507971191,0.00068934617822,10.121363843,0.00971077578493,0.00675282709201,0.0,-0.00666836333484,0.0101114914871,0.705051209368,0.0425839401098,0.0482760092106,0.0,447.47554959461274,447.74167835550736,449.7831187475526,447.97340450015884
0.4200000000000001,-0.00105495333634,0.00151964882595,10.1679540063,0.0123914042052,0.00997044205143,0.0,-0.0123455376223,0.0178481975778,0.847853074683,0.0485642894687,0.062612345297,0.0,450.61758385414873,451.77666322967565,450.2098435296648,450.69450076219505
0.48000000000000015,-0.00201494668034,0.00285681199646,10.2217203332,0.0157255820014,0.0133327183235,0.0,-0.0200199049057,0.0270426808947,0.944274125892,0.0668033098149,0.0377406176032,0.0,438.17992881749507,436.10973562266287,435.1743642908311,436.70030170623534
0.5400000000000001,-0.00354704428379,0.00487597089092,10.2847791185,0.020020983861,0.0152446042966,0.0,-0.0312999832643,0.0407540816262,1.1574814927,0.07975988748,0.0162762624216,0.0,473.4970701413693,471.84339230718996,471.675991222622,472.67898924653736
0.6000000000000002,-0.00580957262676,0.00784237895614,10.3614975395,0.0247456580381,0.0160129161037,0.0,-0.044222304231,0.0587056226756,1.39951970799,0.0766337544368,0.00475747727776,0.0,482.2598788183191,481.38901294909647,480.83118177130865,480.59876337196295
0.6600000000000003,-0.00876495957842,0.0118455762873,10.4465966998,0.0291344728116,0.0158554976639,0.0,-0.054302500488,0.0751507939939,1.43706028029,0.0650615954177,-0.0245387957963,0.0,419.7200274529112,417.1699674633316,419.44810097557337,418.446481030583
0.7200000000000003,-0.0123263043312,0.0169357697845,10.5346101586,0.0333866632863,0.0142683189355,0.0,-0.0642612919366,0.0949133556943,1.4966344805,0.0804957125289,-0.0305854344332,0.0,426.78405356735766,426.2675072958497,424.97505901714203,426.29984182588225
0.7800000000000004,-0.0164956588859,0.0234017732348,10.6292389329,0.0382866011125,0.0125830321638,0.0,-0.0745192975428,0.121152402898,1.65742071306,0.0839070490652,-0.0235112459544,0.0,457.67165458400626,458.2341117017464,458.16558694201854,458.4418788309165
0.8400000000000004,-0.0212316592769,0.0315117232981,10.7324585295,0.042954311755,0.0115281104105,0.0,-0.0832169191943,0.149689151654,1.78302349288,0.0613341521691,-0.00778522735549,0.0,446.58121972983685,447.8620684996573,449.35784001454664,447.5289938186023
0.9000000000000005,-0.0264556472861,0.0413729610601,10.841940202,0.0465587949918,0.0107542563013,0.0,-0.0908555791358,0.179374854626,1.86621521737,0.0574299934009,-0.0258376003617,0.0,435.5199807936965,434.00764144990774,435.21095871804783,434.8867180701698
0.9600000000000005,-0.0321551505979,0.0532526094547,10.9599173754,0.0496852015701,0.00882860584162,0.0,-0.0989267108652,0.21698361505,2.06599763456,0.0384688378022,-0.0491223241062,0.0,472.0876577785998,470.2872507422007,471.70353044881585,470.2386344061935
1.0200000000000005,-0.0382825053588,0.0674264670864,11.0892554027,0.0520479607749,0.00621885705699,0.0,-0.105001933231,0.255725780474,2.24492084616,0.0411403551935,-0.0341210784243,0.0,465.52330182946105,466.69457574587386,465.0227651596335,465.2326787030921
1.0800000000000005,-0.0447281791474,0.0840704983663,11.231055962,0.0541871467135,0.00447285780812,0.0,-0.109621178021,0.299333543169,2.4812627605,0.0214506311451,-0.0205859602416,0.0,483.0593845451926,484.0787182273458,483.60711879974644,482.1222451463419
1.1400000000000006,-0.0513941460569,0.103161662208,11.383059952,0.0552746920787,0.00314609490762,0.0,-0.112445556682,0.33714663514,2.58529609536,0.0104720823452,-0.0253554577957,0.0,443.78507409501174,443.3933963151946,445.7962604937014,444.89824049182357
1.2000000000000006,-0.0582074034268,0.124664991003,11.5435288339,0.0561941934447,0.00168827893047,0.0,-0.114492824484,0.379694747537,2.7632430116,0.023595407139,-0.0222599820307,0.0,467.59909656094317,467.84012352440345,466.9521897836718,467.9746892181572
1.2600000000000007,-0.0651038838497,0.148478240462,11.709955456,0.0572143110721,0.000376599648264,0.0,-0.115270268731,0.414188978114,2.78424862076,-0.00138384201124,-0.0210757699834,0.0,418.730894354941,418.83385576467214,420.4876983437734,418.31810864270534
1.3200000000000007,-0.0720244834511,0.174671540702,11.8828291833,0.0574555392857,6.28267815357,0.0,-0.115294563331,0.458900544749,2.97771748973,0.0130851256392,-0.00436395199995,0.0,473.4516886098273,474.7358124661513,471.7371022496263,472.8529866711318
1.3800000000000008,-0.0789304375855,0.203463750588,12.0657151341,0.0579701904455,6.28221185957,0.0,-0.114865947643,0.500886403618,3.11809654094,-0.00244880442396,-0.0156480587761,0.0,459.15551601366695,458.2595301382246,458.5023969012272,457.266496138953
1.4400000000000008,-0.0857983347368,0.23477135662,12.2568433366,0.0577293262969,6.28155058894,0.0,-0.113980092826,0.542653291042,3.2524646523,-0.00734561280159,-0.00308312230751,0.0,456.3504773984851,457.35246567844496,457.8579470857473,457.4682654973087
1.5000000000000009,-0.0926045531446,0.268471132386,12.4541887737,0.0572329033963,6.28140263392,0.0,-0.112877883628,0.580609071183,3.32550312924,-0.0101977428451,-0.00125914515265,0.0,439.1577048575237,439.30902758585694,438.7488176743514,438.5120674148061
1.560000000000001,-0.0993420550132,0.304438092394,12.6559402901,0.0566804755909,6.28092002849,0.0,-0.111684010168,0.618214110541,3.39932765407,-0.00729604984162,-0.0272348626176,0.0,439.80929791344283,437.652585519885,440.42608862563424,440.6661460297561
1.620000000000001,-0.105986344648,0.342790552916,12.8645932862,0.0567805009892,6.27882924665,0.0,-0.109596818338,0.660154204943,3.55529223903,0.0153286665609,-0.0579015602642,0.0,466.6067903577207,464.2058084988735,464.65952438530996,466.4298561907095
1.680000000000001,-0.112440207068,0.38378976003,13.0847790933,0.0579828071767,6.27552029444,0.0,-0.105126037219,0.706568220452,3.78348651346,0.0280984468216,-0.0501475632811,0.0,486.36712465606905,486.9457641975236,488.16258813758094,489.1145084940952
1.740000000000001,-0.118591201593,0.427288520543,13.3132265438,0.059652821182,6.27244780235,0.0,-0.0996218959848,0.743533190422,3.83124857379,0.0272985580646,-0.0534178021336,0.0,433.7698489790744,433.4933651524449,435.3039588593253,435.23722932224564
1.8000000000000012,-0.124305429064,0.473284652347,13.5486856481,0.0611463992215,6.26908778064,0.0,-0.090483947774,0.789806062791,4.01672604329,0.0195868238226,-0.0617404697093,0.0,477.35713627684106,476.71966664299225,477.4901517916299,476.90149575703634
1.8600000000000012,-0.129427862231,0.521936789612,13.7927986053,0.0623562000238,6.2654826929,0.0,-0.0798949181154,0.832023606065,4.1199810264,0.021292064167,-0.0569649040214,0.0,453.1741426119974,453.5553944248604,454.0361958959262,454.1729593096149
1.9200000000000013,-0.133838028969,0.573157527713,14.0432897176,0.0634740682766,6.26242319211,0.0,-0.0667852237475,0.875425225358,4.22929723478,0.0126935601475,-0.0411368249097,0.0,455.29322792738907,456.5562718789263,457.2500509028726,456.5644200647425
1.9800000000000013,-0.137458543014,0.626828761602,14.297615061,0.0641052809202,6.25991249428,0.0,-0.0536757816862,0.913665130167,4.24812535384,0.00577458226675,-0.0432998232358,0.0,428.6125462766318,428.42764677181253,429.1094844379346,428.5215580660415
2.0400000000000014,-0.140190895834,0.682951941537,14.5553884791,0.064597502618,6.25714858116,0.0,-0.0371398408579,0.957116836117,4.34394016392,0.0126662355153,-0.0522637028947,0.0,453.4415335445821,452.71956319557535,453.2865584703536,453.839978706602
2.1000000000000014,-0.141911666311,0.74159676182,14.8174438636,0.0651257327559,6.2543772733,0.0,-0.0199475519611,0.997750013453,4.39103553897,-0.000328269280233,-0.0361935558223,0.0,437.3746694696583,438.70980330091834,440.1411905972416,439.06421100304703
2.1600000000000015,-0.142502337938,0.80279306423,15.0839838076,0.0648825740322,6.25226827507,0.0,0.000466177837378,1.04207639374,4.49321337721,-0.0127975513195,-0.033140899505,0.0,456.13170688860623,456.3749528462463,457.2381169625844,456.24361954930157
2.2200000000000015,-0.141854949149,0.866577763701,15.3557144119,0.0637706846753,6.2507684222,0.0,0.0212720239107,1.08396005205,4.56418205397,-0.0336067644546,-0.0123239829244,0.0,445.4255472437319,447.1247246681803,449.91524351823483,448.22710818654474
2.2800000000000016,-0.13996069616,0.932793402198,15.6308742276,0.0614649899255,6.25031449834,0.0,0.0419193146791,1.1230012576,4.60764227375,-0.0504256145554,0.000567119992739,0.0,438.7152694261385,439.78455284290766,440.60798448532523,439.2143278992714
2.3400000000000016,-0.136807533494,1.00132631414,15.9090586048,0.0583315643806,6.2500886129,0.0,0.0631865792257,1.1611036004,4.66495283022,-0.0560856043519,-0.0142614368579,0.0,445.4553016280976,444.2409717944282,444.03356926904274,443.56716394573726
2.4000000000000017,-0.132267208426,1.07225988106,16.1937878594,0.0554435668101,6.24897386544,0.0,0.0882431566785,1.20294966127,4.82536889735,-0.035697321404,-0.0290318243926,0.0,477.17420387732784,476.0452575991829,474.9883946104574,476.5482030042661
2.4600000000000017,-0.126253928701,1.14554576135,16.4864306349,0.0531594578769,6.24691368102,0.0,0.112376394503,1.23964576892,4.92894933322,-0.0432899684694,-0.047913942616,0.0,461.86948351794945,460.3771739403831,460.1823031470808,459.5801641846718
2.520000000000002,-0.118690187509,1.22105993377,16.7867851332,0.0507349601307,6.24382212622,0.0,0.140050231502,1.27716516539,5.08219464566,-0.0351927468742,-0.0599551986745,0.0,477.7464579618541,476.82580373744264,474.941640307354,475.561602161439
2.580000000000002,-0.109476172691,1.29866841011,17.0943050227,0.049392769404,6.24075763115,0.0,0.167396909078,1.30958384841,5.16807253383,-0.00455095629248,-0.0375159261028,0.0,456.5631041639593,458.3484314382253,456.10188506726104,458.5427656763416
2.640000000000002,-0.0986619477518,1.37808456532,17.4046837494,0.0491741041181,6.23842162375,0.0,0.193278556352,1.3375842374,5.17782365073,-0.0018902404524,-0.0419301462256,0.0,435.28146338505337,434.9110488794242,433.32387203927004,433.54759051583864
2.700000000000002,-0.0863100731897,1.4591117653,17.7143621731,0.0492678041464,6.23560258443,0.0,0.218674816473,1.36331669836,5.14492056562,0.00769958309122,-0.059727126337,0.0,421.7556494080917,420.213894861803,419.380346182081,420.21260110034416
2.760000000000002,-0.0721998902926,1.54187347289,18.0258944529,0.0502484522791,6.23271150794,0.0,0.251964016858,1.3954504717,5.23902165908,0.0296262198129,-0.0316674035822,0.0,459.03053120742186,461.2506148185663,460.21590080625845,461.94833897992737
2.820000000000002,-0.0561545847956,1.62647008673,18.3407888326,0.0517944732836,6.2304627885,0.0,0.283057412635,1.42457269338,5.25733367871,0.0166456230273,-0.052829598461,0.0,438.9961682405917,437.23556632139463,438.224482377689,437.14411188551395
2.880000000000002,-0.0381106016285,1.71292295441,18.6584205502,0.0524843687376,6.22707348324,0.0,0.318709646484,1.45724410466,5.33000843848,-0.00155789397245,-0.0650464822417,0.0,455.3138282446377,454.3330790541001,456.4328554982089,454.97743111249014
2.940000000000002,-0.0177375891869,1.80145357263,18.9825127364,0.0521964362208,6.22287427341,0.0,0.360787072057,1.49370480679,5.47234459227,-0.0122304074135,-0.0823591083622,0.0,477.5533274958689,476.22723933419417,477.59006045808485,476.7753170634935
3.000000000000002,0.00511739765527,1.89204203508,19.3128729762,0.0518736107636,6.21764671099,0.0,0.401516564966,1.52582712525,5.53929286678,0.00565445319608,-0.098944631521,0.0,456.5123338817444,455.1805380549609,454.97374201210573,456.40373999053685
3.0600000000000023,0.0304250380558,1.98447565127,19.6457819116,0.0521621517899,6.21163807644,0.0,0.442601165901,1.55530060037,5.55752127384,0.00306205161317,-0.102655224148,0.0,441.44739173280334,441.13230412803097,441.3824083798228,441.16828286451374
3.1200000000000023,0.0586341315645,2.07891316667,19.9842492979,0.0525431450515,6.20527904196,0.0,0.498338189088,1.59258769106,5.72381449455,0.0122260231786,-0.11364075113,0.0,486.56289671581317,485.730780729397,486.56320747777073,487.2487950479646
3.1800000000000024,0.0899668952347,2.17535164204,20.3280552155,0.0535552306817,6.19835578778,0.0,0.546691557366,1.62208704182,5.73623252197,0.0248283161427,-0.119128768858,0.0,441.269814985795,440.8044232080005,441.82112750221677,442.85905701402874
3.2400000000000024,0.124419581717,2.27363551245,20.6736662228,0.0545962080433,6.19096425608,0.0,0.602390589936,1.65413818403,5.78378270986,-0.00504265249058,-0.132887280095,0.0,454.64249739187187,453.5250356265746,453.3062669426903,450.89901028532785
3.3000000000000025,0.16217137966,2.37374435478,21.0201317174,0.0545921890702,6.18314132946,0.0,0.656675427188,1.68279494534,5.76506475718,0.00838295015888,-0.125795899002,0.0,432.78989265815545,433.37036650381384,431.8020806120248,432.93342721528916
3.3600000000000025,0.203400786137,2.47561834322,21.3663245824,0.0546276845377,6.17566604374,0.0,0.718294248579,1.71301192437,5.77453392486,-0.0234213718628,-0.122278004298,0.0,441.63601194515223,441.9119295351082,443.23087010931926,440.60877827575734
3.4200000000000026,0.248797285843,2.57946304264,21.7161454585,0.0536773904175,6.16797000595,0.0,0.795629083328,1.74830077596,5.88546545798,-0.00386102711269,-0.144255467935,0.0,473.8147660450681,472.1074852389511,473.2941414602041,474.79754326205494
3.4800000000000026,0.298492976739,2.68517236305,22.0682839564,0.0535361640521,6.15894385955,0.0,0.861632418676,1.7753125987,5.85251922464,0.000502289007057,-0.1671421154,0.0,430.5724480387359,428.6087134569766,430.1013372088442,430.4708522501995
3.5400000000000027,0.352585316208,2.79261527324,22.4206477521,0.0534270506407,6.14900143212,0.0,0.942340435334,1.80607643175,5.89254716099,-0.00691968155187,-0.1629849878,0.0,453.18620004199585,453.4946512482429,453.5692580476974,452.97271619186137
3.6000000000000028,0.411457198393,2.90179823339,22.7735669558,0.0528575802052,6.13927611173,0.0,1.02088103996,1.83329215599,5.87135866071,-0.0152064521969,-0.160356011146,0.0,434.5670412380084,434.76174773103264,434.8647327932634,434.16999492221385
3.660000000000003,0.474678953626,3.01240887467,23.1216024,0.052441102865,6.12976137645,0.0,1.08724248064,1.85369834514,5.73039600425,0.00588290225638,-0.155246797685,0.0,393.9521893092325,394.39706751956015,392.20563044493747,394.16004274515547
3.720000000000003,0.543131367259,3.12461306372,23.4683295201,0.0525610103486,6.11999674067,0.0,1.19536904274,1.88641119739,5.82642841144,-0.00719673977105,-0.185174803093,0.0,471.98968214324987,469.64931471672634,470.63181459445326,469.6181530016875
3.780000000000003,0.617997079985,3.23868581817,23.8190987842,0.0516846138722,6.1087536229,0.0,1.3011399274,1.91591487771,5.86540080342,-0.0366585923272,-0.192211511916,0.0,454.7746329504053,454.17720753157323,455.64733468366313,453.28542971994773
3.840000000000003,0.699464623154,3.35451198714,24.1724116302,0.0491385197283,6.09732872531,0.0,1.41545845734,1.94468394534,5.91116463094,-0.0576583351919,-0.187049431285,0.0,457.7475663235836,458.1241207476309,458.11063040592074,456.4363934993701
3.900000000000003,0.787780481802,3.47194594769,24.5272426552,0.0455656292688,6.08578018952,0.0,1.52937254766,1.96942623285,5.91622637242,-0.0636225471435,-0.206440184605,0.0,447.0444233262506,445.4247985378112,445.67856466358165,445.18821955033695
3.960000000000003,0.88294486672,3.59074878892,24.881378816,0.042108467821,6.07366195505,0.0,1.64379124717,1.99033012049,5.8881485162,-0.0477238922,-0.194277914543,0.0,435.0862753533164,436.06253766266656,435.3046659953784,436.63090296575626
4.020000000000002,0.985236789855,3.71075480061,25.2340796452,0.0391863215706,6.06211572159,0.0,1.76690149287,2.00959006749,5.8683085704,-0.0507343692464,-0.188994210315,0.0,438.99722243294013,439.39893692388375,438.6565529783971,438.4049334331836
4.080000000000001,1.09559571978,3.8319419116,25.5876914871,0.0362713077071,6.05112845952,0.0,1.91267438411,2.02964725955,5.91809253093,-0.0445972062816,-0.173413656936,0.0,460.94451807453805,462.14306950495126,461.5492770620521,462.03212154622355
4.14,1.21432633161,3.95418487779,25.9418132759,0.0343846145661,6.04071777209,0.0,2.04585447499,2.04490782182,5.88576259637,-0.0133047795296,-0.173707492129,0.0,436.53886463857674,436.4847975065704,435.55899551568257,438.1682545205836
4.199999999999998,1.34151689242,4.07735305193,26.2951508841,0.0339876352011,6.03016677401,0.0,2.19467346359,2.06061712829,5.89167878084,0.00420576693822,-0.180514337904,0.0,449.8532510923268,449.2721448911202,449.0915015833405,450.50998110920744
4.259999999999997,1.47747918457,4.20141095831,26.647481833,0.0343445617975,6.01961209015,0.0,2.33824268424,2.07465254204,5.85242915035,0.00922499427686,-0.168018967458,0.0,435.34754590572084,436.3614519176175,435.86510295132,436.28437695622296
4.319999999999996,1.62295558841,4.3264069938,27.0001069085,0.0345694000102,6.00921556528,0.0,2.51176019686,2.09188434481,5.90093863395,-0.0104273704793,-0.186668606597,0.0,465.9720444305622,464.4837506221146,465.35504512538256,463.813796942958
4.379999999999995,1.77824826227,4.45233676995,27.3527931156,0.0342094145972,5.99792262043,0.0,2.66552783532,2.10571251558,5.85498416614,0.00164187384556,-0.191499390367,0.0,435.90685835601096,435.4676338689335,435.91601894502594,436.92374131881826
4.439999999999993,1.94393313016,4.57920238823,27.7060109653,0.0343367509923,5.98658603514,0.0,2.8581656745,2.12310683144,5.91794034567,0.00306624098526,-0.184273277663,0.0,471.1269637168364,471.6529501344379,472.3186890583421,472.4285066074311
4.499999999999992,2.12098880076,4.70706554442,28.0616410955,0.034794615642,5.97539680866,0.0,3.04450661832,2.1389919506,5.93563617721,0.0154773831042,-0.191321362419,0.0,459.8754417167729,459.28411670005227,459.3736694150912,460.3569028961425
4.559999999999991,2.30980030537,4.83592977929,28.4194536979,0.0357445828433,5.9641318251,0.0,3.25001692683,2.15652730678,5.99039062358,0.0165342558941,-0.181431879685,0.0,472.8999994579682,473.6293553708849,472.92864047106144,473.0099433664197
4.6199999999999894,2.5094931174,4.96568189958,28.7755088374,0.0363926870995,5.95302005038,0.0,3.40721252281,2.16859503857,5.87810531255,-0.00427028014877,-0.194035610276,0.0,420.88338002833115,419.7551628364297,420.6191379116366,418.81294131004665
4.679999999999988,2.71896643302,5.09618127288,29.125354414,0.0363590335015,5.94193794743,0.0,3.57603889962,2.18135504224,5.78325727468,0.00598241463598,-0.170625408579,0.0,426.47550111281873,428.43579041095467,424.53701520718386,425.41607857106004
4.739999999999987,2.93975779826,5.22754905928,29.4723695443,0.0362904911818,5.93215852532,0.0,3.78430244377,2.19754996819,5.78315444843,-0.0218467031942,-0.150960717204,0.0,457.8626724224623,459.40013213492216,459.5816350260855,457.3700560770508
4.799999999999986,3.17390686491,5.35994630743,29.821250667,0.0348632812617,5.9242489358,0.0,4.02106922988,2.21550099006,5.84510719758,-0.0279801167572,-0.108566779131,0.0,478.15599536349526,481.35965176612103,480.3450466957577,479.87956789524344
4.859999999999984,3.421772724,5.4933311884,30.1721659579,0.0344745995032,5.91715931576,0.0,4.24140270622,2.23054562062,5.85135591973,0.0185125644302,-0.15631167813,0.0,466.088775046058,462.32772923814764,462.901015602998,466.54616564784544
4.919999999999983,3.68259625574,5.62758358974,30.522431068,0.0371671691585,5.90783040254,0.0,4.45323186481,2.24468735005,5.82346796469,0.0729236178546,-0.153873924951,0.0,455.9650774762533,456.13765181208953,451.8215321510725,456.1891424431954
4.979999999999982,3.95604532648,5.76271520621,30.8704150073,0.0413469540414,5.89895955559,0.0,4.66221489215,2.26002754391,5.77540423604,0.0621847218012,-0.137926826577,0.0,449.33673632083776,450.6076270175217,450.1570978837979,449.2906218073645
5.0399999999999805,4.24355451465,5.8989781724,31.2189213497,0.0455702323084,5.89136083536,0.0,4.92162311279,2.28240668165,5.84013119727,0.083131035761,-0.110410948832,0.0,485.09854083990473,487.14724967029906,488.4249710036656,489.98820966888695
